Shahid_Afridi P 53 40 244 387 9.85 5.24 8445 1 32 28.4 149.9 2
Imad_Wasim G 66 31 155 299 8.55 5.77 2564 0 14 31.22 142.3 2
Amir_Yamin S 60 29 82 133 14.22 11.23 1012 0 8 28.55 150.2 0
Moeen_Ali D 61 26 23 80 10.02 5.13 400 1 4 43.45 170.2 0
Kieron_Pollard D 62 40 43 98 10.13 5 700 2 5 42.7 160.2 0
C_Brathwaite P 63 39 32 90 9.01 4.89 800 4 7 45.6 180.24 0
Shakib_Alhasan P 64 31 50 132 8.02 4.35 500 3 10 44.54 170.24 0
Rashid_khan D 65 36 45 100 9.35 5.01 699 2 9 43.56 169.23 0
Ben_stokes P 66 30 32 99 7.2 4.89 1500 5 10 42.6 170.14 0
Trent_boult G 67 28 67 98 9.56 5.35 1499 3 9 40.23 150.78 0
Mehedi_hasan S 68 27 66 70 13.34 5.99 800 1 2 37.23 160.56 0
Mohammad_nabi G 69 24 34 60 10.65 5.12 854 3 2 40.2 130.24 0
Sean_williams S 50 34 54 61 15.23 5.96 600 3 3 32.3 120.24 0
Glen_Maxwell G 51 35 43 76 13.23 5.24 700 2 3 31.8 150.24 0
Ravi_Bopara S 52 42 84 111 17.2 6 500 3 3 30.1 100.2 1
Adil_Pervez P 55 20 100 1000 0 0 10000 100 0 100 600 0
